Ex. 1

#1

      RTN     | 15 | 14 | 13 | 12 | 11 | 10 | 09 | 08 | 07 | 06  05 | 04 | 03 | 02 | 01 | 00 |  HEXA  
--------------+----+----+----+----+----+----+----+----+----+--------+----+----+----+----+----+--------
MA <- PC;     |  0 |  0 |  1 |  1 |  0 |  0 |  0 |  0 |  0 |  1   1 |  0 |  0 |  0 |  0 |  0 | 0x3060
--------------+----+----+----+----+----+----+----+----+----+--------+----+----+----+----+----+--------
MD <- M[MA]:  |    |    |    |    |    |    |    |    |    |        |    |    |    |    |    |
PC <- PC + 4; |  0 |  1 |  1 |  0 |  1 |  1 |  0 |  0 |  1 |  1   0 |  0 |  0 |  0 |  0 |  0 | 0x6CC0
--------------+----+----+----+----+----+----+----+----+----+--------+----+----+----+----+----+--------
IR <- MD;     |  1 |  0 |  0 |  0 |  0 |  0 |  1 |  0 |  0 |  1   1 |  0 |  0 |  0 |  0 |  0 | 0x8260
--------------+----+----+----+----+----+----+----+----+----+--------+----+----+----+----+----+--------


#2

                  RTN                 | 15 | 14 | 13 | 12 | 11 | 10 | 09 | 08 | 07 | 06  05 | 04 | 03 | 02 | 01 | 00 |  HEXA  
--------------------------------------+----+----+----+----+----+----+----+----+----+--------+----+----+----+----+----+--------
A <- R[IR<16..12>];                   |  0 |  0 |  0 |  0 |  0 |  0 |  0 |  0 |  0 |  1   1 |  0 |  1 |  1 |  1 |  0 | 0x006E
--------------------------------------+----+----+----+----+----+----+----+----+----+--------+----+----+----+----+----+--------
MA <- A + IR<11..0>;                  |  0 |  0 |  0 |  1 |  0 |  0 |  0 |  0 |  0 |  0   1 |  0 |  0 |  0 |  0 |  1 | 0x1021
--------------------------------------+----+----+----+----+----+----+----+----+----+--------+----+----+----+----+----+--------
MD <- M[MA];                          |  0 |  0 |  0 |  0 |  1 |  1 |  0 |  0 |  1 |  1   1 |  0 |  0 |  0 |  0 |  0 | 0x0CE0
--------------------------------------+----+----+----+----+----+----+----+----+----+--------+----+----+----+----+----+--------
A <- MD;                              |  0 |  0 |  0 |  0 |  0 |  0 |  1 |  0 |  0 |  1   1 |  0 |  0 |  0 |  1 |  0 | 0x0262
--------------------------------------+----+----+----+----+----+----+----+----+----+--------+----+----+----+----+----+--------
R[IR<26..22] <- R[IR<21..17>] oper A; |  1 |  0 |  0 |  0 |  0 |  0 |  0 |  0 |  0 |  0   0 |  1 |  1 |  0 |  0 |  0 | 0x8018
--------------------------------------+----+----+----+----+----+----+----+----+----+--------+----+----+----+----+----+--------
